V(grid)	V(plate)
-2.400000e+01	4.049393e+02
-2.400000e+01	4.049393e+02
-2.400000e+01	4.049393e+02
-2.400000e+01	4.049393e+02
-2.400000e+01	4.049393e+02
-2.400000e+01	4.049393e+02
-2.400000e+01	4.049393e+02
-2.400000e+01	4.049393e+02
-2.399999e+01	4.049393e+02
-2.399999e+01	4.049393e+02
-2.399998e+01	4.049393e+02
-2.399995e+01	4.049393e+02
-2.399990e+01	4.049393e+02
-2.399980e+01	4.049393e+02
-2.399961e+01	4.049393e+02
-2.399921e+01	4.049393e+02
-2.399843e+01	4.049393e+02
-2.399685e+01	4.049393e+02
-2.399371e+01	4.049393e+02
-2.398742e+01	4.049393e+02
-2.397483e+01	4.049393e+02
-2.394967e+01	4.049393e+02
-2.390279e+01	4.049393e+02
-2.385592e+01	4.049393e+02
-2.380904e+01	4.049393e+02
-2.376217e+01	4.049393e+02
-2.371529e+01	4.049393e+02
-2.366842e+01	4.049393e+02
-2.362154e+01	4.049393e+02
-2.357467e+01	4.049393e+02
-2.352779e+01	4.049393e+02
-2.348092e+01	4.049393e+02
-2.343404e+01	4.049393e+02
-2.338717e+01	4.049393e+02
-2.334029e+01	4.049393e+02
-2.329342e+01	4.049393e+02
-2.324654e+01	4.049393e+02
-2.319967e+01	4.049393e+02
-2.315279e+01	4.049393e+02
-2.310592e+01	4.049393e+02
-2.305904e+01	4.049393e+02
-2.301217e+01	4.049393e+02
-2.296529e+01	4.049393e+02
-2.291842e+01	4.049393e+02
-2.287154e+01	4.049393e+02
-2.282467e+01	4.049393e+02
-2.277779e+01	4.049393e+02
-2.273092e+01	4.049393e+02
-2.268404e+01	4.049393e+02
-2.263717e+01	4.049393e+02
-2.259029e+01	4.049393e+02
-2.254342e+01	4.049393e+02
-2.249654e+01	4.049393e+02
-2.244967e+01	4.049393e+02
-2.240279e+01	4.049393e+02
-2.235592e+01	4.049393e+02
-2.230904e+01	4.049393e+02
-2.226217e+01	4.049393e+02
-2.221529e+01	4.049393e+02
-2.216842e+01	4.049393e+02
-2.212154e+01	4.049393e+02
-2.207467e+01	4.049393e+02
-2.202779e+01	4.049393e+02
-2.198092e+01	4.049393e+02
-2.193404e+01	4.049393e+02
-2.188717e+01	4.049393e+02
-2.184029e+01	4.049393e+02
-2.179342e+01	4.049393e+02
-2.174654e+01	4.049393e+02
-2.169967e+01	4.049393e+02
-2.165279e+01	4.049393e+02
-2.160592e+01	4.049393e+02
-2.155904e+01	4.049393e+02
-2.151217e+01	4.049393e+02
-2.146529e+01	4.049393e+02
-2.141842e+01	4.049393e+02
-2.137154e+01	4.049393e+02
-2.132467e+01	4.049393e+02
-2.127779e+01	4.049393e+02
-2.123092e+01	4.049393e+02
-2.118404e+01	4.049393e+02
-2.113717e+01	4.049393e+02
-2.109029e+01	4.049393e+02
-2.104342e+01	4.049393e+02
-2.099654e+01	4.049393e+02
-2.094967e+01	4.049393e+02
-2.090279e+01	4.049393e+02
-2.085592e+01	4.049393e+02
-2.080904e+01	4.049393e+02
-2.076217e+01	4.049393e+02
-2.071529e+01	4.049393e+02
-2.066842e+01	4.049393e+02
-2.062154e+01	4.049393e+02
-2.057467e+01	4.049393e+02
-2.052779e+01	4.049393e+02
-2.048092e+01	4.049393e+02
-2.043404e+01	4.049393e+02
-2.038717e+01	4.049393e+02
-2.034029e+01	4.049393e+02
-2.029342e+01	4.049393e+02
-2.024654e+01	4.049393e+02
-2.019967e+01	4.049393e+02
-2.015279e+01	4.049393e+02
-2.010592e+01	4.049393e+02
-2.005904e+01	4.049393e+02
-2.001217e+01	4.049393e+02
-1.996529e+01	4.049393e+02
-1.991842e+01	4.049393e+02
-1.987154e+01	4.049393e+02
-1.982467e+01	4.049393e+02
-1.977779e+01	4.049393e+02
-1.973092e+01	4.049393e+02
-1.968404e+01	4.049393e+02
-1.963717e+01	4.049393e+02
-1.959029e+01	4.049393e+02
-1.954342e+01	4.049393e+02
-1.949654e+01	4.049393e+02
-1.944967e+01	4.049393e+02
-1.940279e+01	4.049393e+02
-1.935592e+01	4.049393e+02
-1.930904e+01	4.049393e+02
-1.926217e+01	4.049393e+02
-1.921529e+01	4.049393e+02
-1.916842e+01	4.049393e+02
-1.912154e+01	4.049393e+02
-1.907467e+01	4.049393e+02
-1.902779e+01	4.049393e+02
-1.898092e+01	4.049393e+02
-1.893404e+01	4.049393e+02
-1.888717e+01	4.049393e+02
-1.884029e+01	4.049393e+02
-1.879342e+01	4.049393e+02
-1.874654e+01	4.049393e+02
-1.869967e+01	4.049393e+02
-1.865279e+01	4.049393e+02
-1.860592e+01	4.049393e+02
-1.855904e+01	4.049393e+02
-1.851217e+01	4.049393e+02
-1.846529e+01	4.049393e+02
-1.841842e+01	4.049393e+02
-1.837154e+01	4.049393e+02
-1.832467e+01	4.049393e+02
-1.827779e+01	4.049393e+02
-1.823092e+01	4.049393e+02
-1.818404e+01	4.049393e+02
-1.813717e+01	4.049393e+02
-1.809029e+01	4.049393e+02
-1.804342e+01	4.049393e+02
-1.799654e+01	4.049393e+02
-1.794967e+01	4.049393e+02
-1.790279e+01	4.049393e+02
-1.785592e+01	4.049393e+02
-1.780904e+01	4.049393e+02
-1.776217e+01	4.049393e+02
-1.771529e+01	4.049393e+02
-1.766842e+01	4.049393e+02
-1.762154e+01	4.049393e+02
-1.757467e+01	4.049393e+02
-1.752779e+01	4.049393e+02
-1.748092e+01	4.049393e+02
-1.743404e+01	4.049393e+02
-1.738717e+01	4.049393e+02
-1.734029e+01	4.049393e+02
-1.729342e+01	4.049393e+02
-1.724654e+01	4.049393e+02
-1.719967e+01	4.049393e+02
-1.715279e+01	4.049393e+02
-1.710592e+01	4.049393e+02
-1.705904e+01	4.049393e+02
-1.701217e+01	4.049393e+02
-1.696529e+01	4.049393e+02
-1.691842e+01	4.049393e+02
-1.687154e+01	4.049393e+02
-1.682467e+01	4.049393e+02
-1.677779e+01	4.049393e+02
-1.673092e+01	4.049393e+02
-1.668404e+01	4.049393e+02
-1.663717e+01	4.049393e+02
-1.659029e+01	4.049393e+02
-1.654342e+01	4.049393e+02
-1.649654e+01	4.049393e+02
-1.644967e+01	4.049393e+02
-1.640279e+01	4.049393e+02
-1.635592e+01	4.049393e+02
-1.630904e+01	4.049393e+02
-1.626217e+01	4.049393e+02
-1.621529e+01	4.049393e+02
-1.616842e+01	4.049393e+02
-1.612154e+01	4.049393e+02
-1.607467e+01	4.049393e+02
-1.602779e+01	4.049393e+02
-1.598092e+01	4.049393e+02
-1.593404e+01	4.049393e+02
-1.588717e+01	4.049393e+02
-1.584029e+01	4.049393e+02
-1.579342e+01	4.049393e+02
-1.574654e+01	4.049393e+02
-1.569967e+01	4.049393e+02
-1.565279e+01	4.049393e+02
-1.560592e+01	4.049393e+02
-1.555904e+01	4.049393e+02
-1.551217e+01	4.049393e+02
-1.546529e+01	4.049393e+02
-1.541842e+01	4.049393e+02
-1.537154e+01	4.049393e+02
-1.532467e+01	4.049393e+02
-1.527779e+01	4.049393e+02
-1.523092e+01	4.049393e+02
-1.518404e+01	4.049393e+02
-1.513717e+01	4.049393e+02
-1.509029e+01	4.049393e+02
-1.504342e+01	4.049393e+02
-1.499654e+01	4.049393e+02
-1.494967e+01	4.049393e+02
-1.490279e+01	4.049393e+02
-1.485592e+01	4.049393e+02
-1.480904e+01	4.049393e+02
-1.476217e+01	4.049393e+02
-1.471529e+01	4.049393e+02
-1.466842e+01	4.049393e+02
-1.462154e+01	4.049393e+02
-1.457467e+01	4.049393e+02
-1.452779e+01	4.049393e+02
-1.448092e+01	4.049393e+02
-1.443404e+01	4.049393e+02
-1.438717e+01	4.049393e+02
-1.434029e+01	4.049393e+02
-1.429342e+01	4.049393e+02
-1.424654e+01	4.049393e+02
-1.419967e+01	4.049393e+02
-1.415279e+01	4.049393e+02
-1.410592e+01	4.049393e+02
-1.405904e+01	4.049393e+02
-1.401217e+01	4.049393e+02
-1.396529e+01	4.049393e+02
-1.391842e+01	4.049393e+02
-1.387154e+01	4.049393e+02
-1.382467e+01	4.049393e+02
-1.377779e+01	4.049393e+02
-1.373092e+01	4.049393e+02
-1.368404e+01	4.049393e+02
-1.363717e+01	4.049393e+02
-1.359029e+01	4.049393e+02
-1.354342e+01	4.049393e+02
-1.349654e+01	4.049393e+02
-1.344967e+01	4.049393e+02
-1.340279e+01	4.049393e+02
-1.335592e+01	4.049393e+02
-1.330904e+01	4.049393e+02
-1.326217e+01	4.049393e+02
-1.321529e+01	4.049393e+02
-1.316842e+01	4.049393e+02
-1.312154e+01	4.049393e+02
-1.307467e+01	4.049393e+02
-1.302779e+01	4.049393e+02
-1.298092e+01	4.049393e+02
-1.293404e+01	4.049393e+02
-1.288717e+01	4.049393e+02
-1.284029e+01	4.049393e+02
-1.279342e+01	4.049393e+02
-1.274654e+01	4.049393e+02
-1.269967e+01	4.049393e+02
-1.265279e+01	4.049393e+02
-1.260592e+01	4.049393e+02
-1.255904e+01	4.049393e+02
-1.251217e+01	4.049393e+02
-1.246529e+01	4.049393e+02
-1.241842e+01	4.049393e+02
-1.237154e+01	4.049393e+02
-1.232467e+01	4.049393e+02
-1.227779e+01	4.049393e+02
-1.223092e+01	4.049393e+02
-1.218404e+01	4.049393e+02
-1.213717e+01	4.049393e+02
-1.209029e+01	4.049393e+02
-1.204342e+01	4.049393e+02
-1.199654e+01	4.049393e+02
-1.194967e+01	4.049393e+02
-1.190279e+01	4.049393e+02
-1.185592e+01	4.049393e+02
-1.180904e+01	4.049393e+02
-1.176217e+01	4.049393e+02
-1.171529e+01	4.049393e+02
-1.166842e+01	4.049393e+02
-1.162154e+01	4.049393e+02
-1.157467e+01	4.049393e+02
-1.152779e+01	4.049393e+02
-1.148092e+01	4.049393e+02
-1.143404e+01	4.049393e+02
-1.138717e+01	4.049393e+02
-1.134029e+01	4.049393e+02
-1.129342e+01	4.049393e+02
-1.124654e+01	4.049393e+02
-1.119967e+01	4.049393e+02
-1.115279e+01	4.049393e+02
-1.110592e+01	4.049393e+02
-1.105904e+01	4.049393e+02
-1.101217e+01	4.049393e+02
-1.096529e+01	4.049393e+02
-1.091842e+01	4.049393e+02
-1.087154e+01	4.049393e+02
-1.082467e+01	4.049393e+02
-1.077779e+01	4.049393e+02
-1.073092e+01	4.049393e+02
-1.068404e+01	4.049392e+02
-1.063717e+01	4.049392e+02
-1.059029e+01	4.049392e+02
-1.054342e+01	4.049392e+02
-1.049654e+01	4.049392e+02
-1.044967e+01	4.049392e+02
-1.040279e+01	4.049392e+02
-1.035592e+01	4.049392e+02
-1.030904e+01	4.049392e+02
-1.026217e+01	4.049392e+02
-1.021529e+01	4.049392e+02
-1.016842e+01	4.049392e+02
-1.012154e+01	4.049392e+02
-1.007467e+01	4.049392e+02
-1.002779e+01	4.049392e+02
-9.980918e+00	4.049392e+02
-9.934043e+00	4.049392e+02
-9.887168e+00	4.049392e+02
-9.840293e+00	4.049392e+02
-9.793418e+00	4.049392e+02
-9.746543e+00	4.049392e+02
-9.699668e+00	4.049392e+02
-9.652793e+00	4.049392e+02
-9.605918e+00	4.049392e+02
-9.559043e+00	4.049392e+02
-9.512168e+00	4.049391e+02
-9.465293e+00	4.049391e+02
-9.418418e+00	4.049391e+02
-9.371543e+00	4.049391e+02
-9.324668e+00	4.049391e+02
-9.277793e+00	4.049391e+02
-9.230918e+00	4.049391e+02
-9.184043e+00	4.049390e+02
-9.137168e+00	4.049390e+02
-9.090293e+00	4.049389e+02
-9.043418e+00	4.049389e+02
-8.996543e+00	4.049389e+02
-8.949668e+00	4.049388e+02
-8.902793e+00	4.049388e+02
-8.855918e+00	4.049387e+02
-8.809043e+00	4.049386e+02
-8.762168e+00	4.049385e+02
-8.715293e+00	4.049384e+02
-8.668418e+00	4.049383e+02
-8.621543e+00	4.049382e+02
-8.574668e+00	4.049380e+02
-8.527793e+00	4.049379e+02
-8.480918e+00	4.049377e+02
-8.434043e+00	4.049375e+02
-8.387168e+00	4.049373e+02
-8.340293e+00	4.049370e+02
-8.293418e+00	4.049368e+02
-8.246543e+00	4.049364e+02
-8.199668e+00	4.049360e+02
-8.152793e+00	4.049356e+02
-8.105918e+00	4.049352e+02
-8.059043e+00	4.049346e+02
-8.012168e+00	4.049340e+02
-7.965293e+00	4.049333e+02
-7.918418e+00	4.049326e+02
-7.871543e+00	4.049317e+02
-7.824668e+00	4.049307e+02
-7.777793e+00	4.049296e+02
-7.730918e+00	4.049283e+02
-7.684043e+00	4.049269e+02
-7.637168e+00	4.049253e+02
-7.590293e+00	4.049235e+02
-7.543418e+00	4.049214e+02
-7.496543e+00	4.049191e+02
-7.449668e+00	4.049165e+02
-7.402793e+00	4.049135e+02
-7.355918e+00	4.049102e+02
-7.309043e+00	4.049064e+02
-7.262168e+00	4.049022e+02
-7.215293e+00	4.048973e+02
-7.168418e+00	4.048919e+02
-7.121543e+00	4.048858e+02
-7.074668e+00	4.048788e+02
-7.027793e+00	4.048710e+02
-6.980918e+00	4.048622e+02
-6.934043e+00	4.048522e+02
-6.887168e+00	4.048410e+02
-6.840293e+00	4.048283e+02
-6.793418e+00	4.048140e+02
-6.746543e+00	4.047979e+02
-6.699668e+00	4.047797e+02
-6.652793e+00	4.047592e+02
-6.605918e+00	4.047361e+02
-6.559043e+00	4.047101e+02
-6.512168e+00	4.046808e+02
-6.465293e+00	4.046479e+02
-6.418418e+00	4.046108e+02
-6.371543e+00	4.045692e+02
-6.324668e+00	4.045224e+02
-6.277793e+00	4.044698e+02
-6.230918e+00	4.044109e+02
-6.184043e+00	4.043448e+02
-6.137168e+00	4.042708e+02
-6.090293e+00	4.041879e+02
-6.043418e+00	4.040952e+02
-5.996543e+00	4.039917e+02
-5.949668e+00	4.038762e+02
-5.902793e+00	4.037475e+02
-5.855918e+00	4.036043e+02
-5.809043e+00	4.034453e+02
-5.762168e+00	4.032688e+02
-5.715293e+00	4.030734e+02
-5.668418e+00	4.028573e+02
-5.621543e+00	4.026190e+02
-5.574668e+00	4.023565e+02
-5.527793e+00	4.020682e+02
-5.480918e+00	4.017521e+02
-5.434043e+00	4.014065e+02
-5.387168e+00	4.010294e+02
-5.340293e+00	4.006191e+02
-5.293418e+00	4.001739e+02
-5.246543e+00	3.996920e+02
-5.199668e+00	3.991720e+02
-5.152793e+00	3.986123e+02
-5.105918e+00	3.980117e+02
-5.059043e+00	3.973690e+02
-5.012168e+00	3.966833e+02
-4.965293e+00	3.959538e+02
-4.918418e+00	3.951798e+02
-4.871543e+00	3.943611e+02
-4.824668e+00	3.934974e+02
-4.777793e+00	3.925888e+02
-4.730918e+00	3.916353e+02
-4.684043e+00	3.906375e+02
-4.637168e+00	3.895958e+02
-4.590293e+00	3.885110e+02
-4.543418e+00	3.873838e+02
-4.496543e+00	3.862152e+02
-4.449668e+00	3.850063e+02
-4.402793e+00	3.837638e+02
-4.355918e+00	3.824886e+02
-4.309043e+00	3.811709e+02
-4.262168e+00	3.798121e+02
-4.215293e+00	3.784193e+02
-4.168418e+00	3.769939e+02
-4.121543e+00	3.755372e+02
-4.074668e+00	3.740506e+02
-4.027793e+00	3.725355e+02
-3.980918e+00	3.709933e+02
-3.934043e+00	3.694252e+02
-3.887168e+00	3.678326e+02
-3.840293e+00	3.662168e+02
-3.793418e+00	3.645789e+02
-3.746543e+00	3.629200e+02
-3.699668e+00	3.612415e+02
-3.652793e+00	3.595443e+02
-3.605918e+00	3.578294e+02
-3.559043e+00	3.560980e+02
-3.512168e+00	3.543508e+02
-3.465293e+00	3.525889e+02
-3.418418e+00	3.508130e+02
-3.371543e+00	3.490241e+02
-3.324668e+00	3.472229e+02
-3.277793e+00	3.454100e+02
-3.230918e+00	3.435862e+02
-3.184043e+00	3.417522e+02
-3.137168e+00	3.399085e+02
-3.090293e+00	3.380557e+02
-3.043418e+00	3.361944e+02
-2.996543e+00	3.343250e+02
-2.949668e+00	3.324482e+02
-2.902793e+00	3.305641e+02
-2.855918e+00	3.286734e+02
-2.809043e+00	3.267764e+02
-2.762168e+00	3.248735e+02
-2.715293e+00	3.229650e+02
-2.668418e+00	3.210511e+02
-2.621543e+00	3.191324e+02
-2.574668e+00	3.172089e+02
-2.527793e+00	3.152810e+02
-2.480918e+00	3.133488e+02
-2.434043e+00	3.114128e+02
-2.387168e+00	3.094729e+02
-2.340293e+00	3.075294e+02
-2.293418e+00	3.055826e+02
-2.246543e+00	3.036325e+02
-2.199668e+00	3.016794e+02
-2.152793e+00	2.997233e+02
-2.105918e+00	2.977644e+02
-2.059043e+00	2.958029e+02
-2.012168e+00	2.938388e+02
-1.965293e+00	2.918723e+02
-1.918418e+00	2.899034e+02
-1.871543e+00	2.879323e+02
-1.824668e+00	2.859590e+02
-1.777793e+00	2.839837e+02
-1.730918e+00	2.820063e+02
-1.684043e+00	2.800270e+02
-1.637168e+00	2.780458e+02
-1.590293e+00	2.760629e+02
-1.543418e+00	2.740781e+02
-1.496543e+00	2.720917e+02
-1.449668e+00	2.701036e+02
-1.402793e+00	2.681139e+02
-1.355918e+00	2.661227e+02
-1.309043e+00	2.641299e+02
-1.262168e+00	2.621357e+02
-1.215293e+00	2.601400e+02
-1.168418e+00	2.581430e+02
-1.121543e+00	2.561446e+02
-1.074668e+00	2.541448e+02
-1.027793e+00	2.521438e+02
-9.809183e-01	2.501416e+02
-9.340433e-01	2.481381e+02
-8.871683e-01	2.461334e+02
-8.402933e-01	2.441275e+02
-7.934183e-01	2.421206e+02
-7.465433e-01	2.401125e+02
-6.996683e-01	2.381034e+02
-6.527933e-01	2.360932e+02
-6.059183e-01	2.340820e+02
-5.590433e-01	2.320699e+02
-5.121683e-01	2.300568e+02
-4.652933e-01	2.280428e+02
-4.184183e-01	2.260280e+02
-3.715433e-01	2.240122e+02
-3.246683e-01	2.219957e+02
-2.777933e-01	2.199785e+02
-2.309183e-01	2.179604e+02
-1.840433e-01	2.159417e+02
-1.371683e-01	2.139224e+02
-9.029336e-02	2.119024e+02
-4.341836e-02	2.098818e+02
3.456647e-03	2.078607e+02
5.033164e-02	2.058391e+02
9.720664e-02	2.038171e+02
1.440817e-01	2.017946e+02
1.909567e-01	1.997719e+02
2.378317e-01	1.977487e+02
2.847067e-01	1.957254e+02
3.315817e-01	1.937018e+02
3.784567e-01	1.916781e+02
4.253317e-01	1.896543e+02
4.722067e-01	1.876305e+02
5.190817e-01	1.856067e+02
5.659567e-01	1.835829e+02
6.128317e-01	1.815594e+02
6.597067e-01	1.795361e+02
7.065817e-01	1.775130e+02
7.534567e-01	1.754904e+02
8.003317e-01	1.734682e+02
8.472067e-01	1.714465e+02
8.940817e-01	1.694254e+02
9.409567e-01	1.674050e+02
9.878317e-01	1.653854e+02
1.034707e+00	1.633667e+02
1.081582e+00	1.613490e+02
1.128457e+00	1.593324e+02
1.175332e+00	1.573170e+02
1.222207e+00	1.553029e+02
1.269082e+00	1.532902e+02
1.315957e+00	1.512791e+02
1.362832e+00	1.492697e+02
1.409707e+00	1.472621e+02
1.456582e+00	1.452565e+02
1.503457e+00	1.432531e+02
1.550332e+00	1.412519e+02
1.597207e+00	1.392533e+02
1.644082e+00	1.372573e+02
1.690957e+00	1.352642e+02
1.737832e+00	1.332742e+02
1.784707e+00	1.312875e+02
1.831582e+00	1.293043e+02
1.878457e+00	1.273249e+02
1.925332e+00	1.253496e+02
1.972207e+00	1.233786e+02
2.019082e+00	1.214123e+02
2.065957e+00	1.194509e+02
2.112832e+00	1.174949e+02
2.159707e+00	1.155446e+02
2.206582e+00	1.136003e+02
2.253457e+00	1.116626e+02
2.300332e+00	1.097319e+02
2.347207e+00	1.078086e+02
2.394082e+00	1.058933e+02
2.440957e+00	1.039866e+02
2.487832e+00	1.020893e+02
2.534707e+00	1.002025e+02
2.581582e+00	9.832960e+01
2.628457e+00	9.647373e+01
2.675332e+00	9.463633e+01
2.722207e+00	9.282265e+01
2.769082e+00	9.103915e+01
2.815957e+00	8.928747e+01
2.862832e+00	8.756976e+01
2.909707e+00	8.589112e+01
2.956582e+00	8.425188e+01
3.003457e+00	8.264990e+01
3.050332e+00	8.108472e+01
3.097207e+00	7.955568e+01
3.144082e+00	7.806209e+01
3.190957e+00	7.660316e+01
3.237832e+00	7.517812e+01
3.284707e+00	7.378619e+01
3.331582e+00	7.242663e+01
3.378457e+00	7.109869e+01
3.425332e+00	6.980168e+01
3.472207e+00	6.853493e+01
3.519082e+00	6.729780e+01
3.565957e+00	6.608968e+01
3.612832e+00	6.490999e+01
3.659707e+00	6.375816e+01
3.706582e+00	6.263366e+01
3.753457e+00	6.153597e+01
3.800332e+00	6.046459e+01
3.847207e+00	5.941903e+01
3.894082e+00	5.839880e+01
3.940957e+00	5.740345e+01
3.987832e+00	5.643250e+01
4.034707e+00	5.548550e+01
4.081582e+00	5.456200e+01
4.128457e+00	5.366153e+01
4.175332e+00	5.278364e+01
4.222207e+00	5.192788e+01
4.269082e+00	5.109380e+01
4.315957e+00	5.028095e+01
4.362832e+00	4.948888e+01
4.409707e+00	4.871712e+01
4.456582e+00	4.796523e+01
4.503457e+00	4.723275e+01
4.550332e+00	4.651923e+01
4.597207e+00	4.582422e+01
4.644082e+00	4.514727e+01
4.690957e+00	4.448793e+01
4.737832e+00	4.384577e+01
4.784707e+00	4.322033e+01
4.831582e+00	4.261119e+01
4.878457e+00	4.201792e+01
4.925332e+00	4.144009e+01
4.972207e+00	4.087729e+01
5.019082e+00	4.032909e+01
5.065957e+00	3.979510e+01
5.112832e+00	3.927493e+01
5.159707e+00	3.876817e+01
5.206582e+00	3.827445e+01
5.253457e+00	3.779340e+01
5.300332e+00	3.732465e+01
5.347207e+00	3.686785e+01
5.394082e+00	3.642265e+01
5.440957e+00	3.598870e+01
5.487832e+00	3.556569e+01
5.534707e+00	3.515329e+01
5.581582e+00	3.475118e+01
5.628457e+00	3.435906e+01
5.675332e+00	3.397665e+01
5.722207e+00	3.360365e+01
5.769082e+00	3.323978e+01
5.815957e+00	3.288478e+01
5.862832e+00	3.253839e+01
5.909707e+00	3.220035e+01
5.956582e+00	3.187041e+01
6.003457e+00	3.154835e+01
6.050332e+00	3.123392e+01
6.097207e+00	3.092690e+01
6.144082e+00	3.062709e+01
6.190957e+00	3.033427e+01
6.237832e+00	3.004824e+01
6.284707e+00	2.976880e+01
6.331582e+00	2.949577e+01
6.378457e+00	2.922896e+01
6.425332e+00	2.896820e+01
6.472207e+00	2.871330e+01
6.519082e+00	2.846412e+01
6.565957e+00	2.822048e+01
6.612832e+00	2.798223e+01
6.659707e+00	2.774923e+01
6.706582e+00	2.752133e+01
6.753457e+00	2.729838e+01
6.800332e+00	2.708025e+01
6.847207e+00	2.686681e+01
6.894082e+00	2.665794e+01
6.940957e+00	2.645350e+01
6.987832e+00	2.625339e+01
7.034707e+00	2.605748e+01
7.081582e+00	2.586567e+01
7.128457e+00	2.567784e+01
7.175332e+00	2.549389e+01
7.222207e+00	2.531372e+01
7.269082e+00	2.513724e+01
7.315957e+00	2.496434e+01
7.362832e+00	2.479494e+01
7.409707e+00	2.462895e+01
7.456582e+00	2.446627e+01
7.503457e+00	2.430684e+01
7.550332e+00	2.415056e+01
7.597207e+00	2.399736e+01
7.644082e+00	2.384716e+01
7.690957e+00	2.369989e+01
7.737832e+00	2.355547e+01
7.784707e+00	2.341385e+01
7.831582e+00	2.327494e+01
7.878457e+00	2.313869e+01
7.925332e+00	2.300503e+01
7.972207e+00	2.287390e+01
8.019082e+00	2.274524e+01
8.065957e+00	2.261900e+01
8.112832e+00	2.249511e+01
8.159707e+00	2.237352e+01
8.206582e+00	2.225419e+01
8.253457e+00	2.213705e+01
8.300332e+00	2.202206e+01
8.347207e+00	2.190918e+01
8.394082e+00	2.179834e+01
8.440957e+00	2.168951e+01
8.487832e+00	2.158265e+01
8.534707e+00	2.147771e+01
8.581582e+00	2.137464e+01
8.628457e+00	2.127341e+01
8.675332e+00	2.117398e+01
8.722207e+00	2.107630e+01
8.769082e+00	2.098035e+01
8.815957e+00	2.088608e+01
8.862832e+00	2.079346e+01
8.909707e+00	2.070246e+01
8.956582e+00	2.061304e+01
9.003457e+00	2.052516e+01
9.050332e+00	2.043880e+01
9.097207e+00	2.035393e+01
9.144082e+00	2.027051e+01
9.190957e+00	2.018852e+01
9.237832e+00	2.010793e+01
9.284707e+00	2.002870e+01
9.331582e+00	1.995081e+01
9.378457e+00	1.987424e+01
9.425332e+00	1.979896e+01
9.472207e+00	1.972494e+01
9.519082e+00	1.965216e+01
9.565957e+00	1.958060e+01
9.612832e+00	1.951023e+01
9.659707e+00	1.944103e+01
9.706582e+00	1.937298e+01
9.753457e+00	1.930605e+01
9.800332e+00	1.924023e+01
9.847207e+00	1.917549e+01
9.894082e+00	1.911181e+01
9.940957e+00	1.904918e+01
9.987832e+00	1.898757e+01
1.003471e+01	1.892697e+01
1.008158e+01	1.886736e+01
1.012846e+01	1.880872e+01
1.017533e+01	1.875102e+01
1.022221e+01	1.869427e+01
1.026908e+01	1.863843e+01
1.031596e+01	1.858350e+01
1.036283e+01	1.852945e+01
1.040971e+01	1.847627e+01
1.045658e+01	1.842395e+01
1.050346e+01	1.837247e+01
1.055033e+01	1.832182e+01
1.059721e+01	1.827198e+01
1.064408e+01	1.822294e+01
1.069096e+01	1.817469e+01
1.073783e+01	1.812720e+01
1.078471e+01	1.808048e+01
1.083158e+01	1.803450e+01
1.087846e+01	1.798926e+01
1.092533e+01	1.794474e+01
1.097221e+01	1.790092e+01
1.101908e+01	1.785781e+01
1.106596e+01	1.781539e+01
1.111283e+01	1.777364e+01
1.115971e+01	1.773255e+01
1.120658e+01	1.769212e+01
1.125346e+01	1.765233e+01
1.130033e+01	1.761318e+01
1.134721e+01	1.757465e+01
1.139408e+01	1.753674e+01
1.144096e+01	1.749943e+01
1.148783e+01	1.746271e+01
1.153471e+01	1.742658e+01
1.158158e+01	1.739103e+01
1.162846e+01	1.735605e+01
1.167533e+01	1.732162e+01
1.172221e+01	1.728775e+01
1.176908e+01	1.725442e+01
1.181596e+01	1.722162e+01
1.186283e+01	1.718935e+01
1.190971e+01	1.715760e+01
1.195658e+01	1.712636e+01
1.200346e+01	1.709562e+01
1.205033e+01	1.706538e+01
1.209721e+01	1.703563e+01
1.214408e+01	1.700636e+01
1.219096e+01	1.697756e+01
1.223783e+01	1.694923e+01
1.228471e+01	1.692137e+01
1.233158e+01	1.689396e+01
1.237846e+01	1.686699e+01
1.242533e+01	1.684047e+01
1.247221e+01	1.681439e+01
1.251908e+01	1.678873e+01
1.256596e+01	1.676350e+01
1.261283e+01	1.673868e+01
1.265971e+01	1.671428e+01
1.270658e+01	1.669028e+01
1.275346e+01	1.666669e+01
1.280033e+01	1.664349e+01
1.284721e+01	1.662067e+01
1.289408e+01	1.659825e+01
1.294096e+01	1.657620e+01
1.298783e+01	1.655453e+01
1.303471e+01	1.653323e+01
1.308158e+01	1.651229e+01
1.312846e+01	1.649171e+01
1.317533e+01	1.647149e+01
1.322221e+01	1.645161e+01
1.326908e+01	1.643209e+01
1.331596e+01	1.641290e+01
1.336283e+01	1.639405e+01
1.340971e+01	1.637553e+01
1.345658e+01	1.635735e+01
1.350346e+01	1.633948e+01
1.355033e+01	1.632194e+01
1.359721e+01	1.630471e+01
1.364408e+01	1.628779e+01
1.369096e+01	1.627118e+01
1.373783e+01	1.625488e+01
1.378471e+01	1.623887e+01
1.383158e+01	1.622316e+01
1.387846e+01	1.620775e+01
1.392533e+01	1.619262e+01
1.397221e+01	1.617778e+01
1.401908e+01	1.616323e+01
1.406596e+01	1.614895e+01
1.411283e+01	1.613494e+01
1.415971e+01	1.612122e+01
1.420658e+01	1.610775e+01
1.425346e+01	1.609456e+01
1.430033e+01	1.608162e+01
1.434721e+01	1.606895e+01
1.439408e+01	1.605653e+01
1.444096e+01	1.604437e+01
1.448783e+01	1.603245e+01
1.453471e+01	1.602079e+01
1.458158e+01	1.600937e+01
1.462846e+01	1.599818e+01
1.467533e+01	1.598724e+01
1.472221e+01	1.597654e+01
1.476908e+01	1.596607e+01
1.481596e+01	1.595583e+01
1.486283e+01	1.594581e+01
1.490971e+01	1.593603e+01
1.495658e+01	1.592646e+01
1.500346e+01	1.591712e+01
1.505033e+01	1.590799e+01
1.509721e+01	1.589908e+01
1.514408e+01	1.589039e+01
1.519096e+01	1.588190e+01
1.523783e+01	1.587362e+01
1.528471e+01	1.586555e+01
1.533158e+01	1.585769e+01
1.537846e+01	1.585002e+01
1.542533e+01	1.584256e+01
1.547221e+01	1.583529e+01
1.551908e+01	1.582822e+01
1.556596e+01	1.582134e+01
1.561283e+01	1.581465e+01
1.565971e+01	1.580815e+01
1.570658e+01	1.580184e+01
1.575346e+01	1.579571e+01
1.580033e+01	1.578977e+01
1.584721e+01	1.578400e+01
1.589408e+01	1.577842e+01
1.594096e+01	1.577301e+01
1.598783e+01	1.576778e+01
1.603471e+01	1.576273e+01
1.608158e+01	1.575784e+01
1.612846e+01	1.575313e+01
1.617533e+01	1.574858e+01
1.622221e+01	1.574420e+01
1.626908e+01	1.573999e+01
1.631596e+01	1.573594e+01
1.636283e+01	1.573205e+01
1.640971e+01	1.572832e+01
1.645658e+01	1.572475e+01
1.650346e+01	1.572133e+01
1.655033e+01	1.571807e+01
1.659721e+01	1.571497e+01
1.664408e+01	1.571202e+01
1.669096e+01	1.570921e+01
1.673783e+01	1.570656e+01
1.678471e+01	1.570406e+01
1.683158e+01	1.570170e+01
1.687846e+01	1.569948e+01
1.692533e+01	1.569741e+01
1.697221e+01	1.569548e+01
1.701908e+01	1.569370e+01
1.706596e+01	1.569205e+01
1.711283e+01	1.569054e+01
1.715971e+01	1.568916e+01
1.720658e+01	1.568792e+01
1.725346e+01	1.568682e+01
1.730033e+01	1.568585e+01
1.734721e+01	1.568501e+01
1.739408e+01	1.568429e+01
1.744096e+01	1.568371e+01
1.748783e+01	1.568326e+01
1.753471e+01	1.568293e+01
1.758158e+01	1.568273e+01
1.762846e+01	1.568266e+01
1.767533e+01	1.568270e+01
1.772221e+01	1.568287e+01
1.776908e+01	1.568316e+01
1.781596e+01	1.568357e+01
1.786283e+01	1.568410e+01
1.790971e+01	1.568474e+01
1.795658e+01	1.568550e+01
1.800346e+01	1.568638e+01
1.805033e+01	1.568737e+01
1.809721e+01	1.568848e+01
1.814408e+01	1.568970e+01
1.819096e+01	1.569103e+01
1.823783e+01	1.569246e+01
1.828471e+01	1.569401e+01
1.833158e+01	1.569567e+01
1.837846e+01	1.569744e+01
1.842533e+01	1.569931e+01
1.847221e+01	1.570128e+01
1.851908e+01	1.570337e+01
1.856596e+01	1.570555e+01
1.861283e+01	1.570784e+01
1.865971e+01	1.571023e+01
1.870658e+01	1.571272e+01
1.875346e+01	1.571531e+01
1.880033e+01	1.571800e+01
1.884721e+01	1.572079e+01
1.889408e+01	1.572368e+01
1.894096e+01	1.572666e+01
1.898783e+01	1.572974e+01
1.903471e+01	1.573292e+01
1.908158e+01	1.573619e+01
1.912846e+01	1.573955e+01
1.917533e+01	1.574301e+01
1.922221e+01	1.574655e+01
1.926908e+01	1.575019e+01
1.931596e+01	1.575392e+01
1.936283e+01	1.575774e+01
1.940971e+01	1.576165e+01
1.945658e+01	1.576565e+01
1.950346e+01	1.576973e+01
1.955033e+01	1.577390e+01
1.959721e+01	1.577816e+01
1.964408e+01	1.578250e+01
1.969096e+01	1.578693e+01
1.973783e+01	1.579144e+01
1.978471e+01	1.579603e+01
1.983158e+01	1.580071e+01
1.987846e+01	1.580547e+01
1.992533e+01	1.581031e+01
1.997221e+01	1.581523e+01
2.001908e+01	1.582023e+01
2.006596e+01	1.582531e+01
2.011283e+01	1.583047e+01
2.015971e+01	1.583570e+01
2.020658e+01	1.584102e+01
2.025346e+01	1.584641e+01
2.030033e+01	1.585188e+01
2.034721e+01	1.585742e+01
2.039408e+01	1.586304e+01
2.044096e+01	1.586873e+01
2.048783e+01	1.587450e+01
2.053471e+01	1.588034e+01
2.058158e+01	1.588625e+01
2.062846e+01	1.589223e+01
2.067533e+01	1.589829e+01
2.072221e+01	1.590442e+01
2.076908e+01	1.591062e+01
2.081596e+01	1.591689e+01
2.086283e+01	1.592322e+01
2.090971e+01	1.592963e+01
2.095658e+01	1.593611e+01
2.100346e+01	1.594265e+01
2.105033e+01	1.594926e+01
2.109721e+01	1.595594e+01
2.114408e+01	1.596268e+01
2.119096e+01	1.596949e+01
2.123783e+01	1.597636e+01
2.128471e+01	1.598330e+01
2.133158e+01	1.599031e+01
2.137846e+01	1.599738e+01
2.142533e+01	1.600451e+01
2.147221e+01	1.601170e+01
2.151908e+01	1.601896e+01
2.156596e+01	1.602628e+01
2.161283e+01	1.603366e+01
2.165971e+01	1.604110e+01
2.170658e+01	1.604860e+01
2.175346e+01	1.605617e+01
2.180033e+01	1.606379e+01
2.184721e+01	1.607147e+01
2.189408e+01	1.607921e+01
2.194096e+01	1.608701e+01
2.198783e+01	1.609487e+01
2.203471e+01	1.610279e+01
2.208158e+01	1.611076e+01
2.212846e+01	1.611879e+01
2.217533e+01	1.612688e+01
2.222221e+01	1.613502e+01
2.226908e+01	1.614322e+01
2.231596e+01	1.615147e+01
2.236283e+01	1.615978e+01
2.240971e+01	1.616814e+01
2.245658e+01	1.617656e+01
2.250346e+01	1.618503e+01
2.255033e+01	1.619355e+01
2.259721e+01	1.620213e+01
2.264408e+01	1.621076e+01
2.269096e+01	1.621944e+01
2.273783e+01	1.622818e+01
2.278471e+01	1.623696e+01
2.283158e+01	1.624580e+01
2.287846e+01	1.625468e+01
2.292533e+01	1.626362e+01
2.297221e+01	1.627261e+01
2.301908e+01	1.628165e+01
2.306596e+01	1.629074e+01
2.311283e+01	1.629987e+01
2.315971e+01	1.630906e+01
2.320658e+01	1.631829e+01
2.325346e+01	1.632757e+01
2.330033e+01	1.633690e+01
2.334721e+01	1.634628e+01
2.339408e+01	1.635570e+01
2.344096e+01	1.636518e+01
2.348783e+01	1.637469e+01
2.353471e+01	1.638426e+01
2.358158e+01	1.639387e+01
2.362846e+01	1.640352e+01
2.367533e+01	1.641322e+01
2.372221e+01	1.642297e+01
2.376908e+01	1.643276e+01
2.381596e+01	1.644260e+01
2.386283e+01	1.645247e+01
2.390971e+01	1.646240e+01
2.395658e+01	1.647236e+01
2.400000e+01	1.648163e+01
